Starting
320 124.62 195.38 3.91 19.93 5.20 -5.20
320 125.07 194.93 7.81 20.27 5.20 -5.20
320 128.26 191.74 11.64 20.34 5.20 -5.20
320 136.53 183.47 15.31 19.88 5.20 -5.20
320 148.58 171.42 18.74 19.02 5.20 -5.20
320 160.21 159.79 21.93 18.17 5.20 -5.20
320 169.09 150.91 24.95 17.59 5.20 -5.20
320 175.77 144.23 27.84 17.21 5.20 -5.20
320 181.55 138.45 30.61 16.91 5.20 -5.20
320 189.26 130.74 33.22 16.40 5.20 -5.20
320 198.88 121.12 35.64 15.68 5.20 -5.20
320 208.30 111.70 37.88 14.96 5.20 -5.20
320 216.13 103.87 39.95 14.38 5.20 -5.20
320 223.66 96.34 41.88 13.82 5.20 -5.20
320 231.25 88.75 43.66 13.24 5.20 -5.20
320 238.86 81.14 45.28 12.64 5.20 -5.20
320 247.70 72.30 46.73 11.90 5.20 -5.20
320 257.45 62.55 47.98 11.05 5.20 -5.20
320 266.90 53.10 49.04 10.21 5.20 -5.20
320 275.86 44.14 49.92 9.41 5.20 -5.20
320 283.77 36.23 50.65 8.69 5.20 -5.20
320 292.44 27.56 51.20 7.88 5.20 -5.20
320 301.23 18.77 51.57 7.03 5.20 -5.20
320 310.22 9.78 51.77 6.15 4.62 -4.62
320 318.51 1.49 0.00 5.33 1.71 1.71
320 325.34 -5.34 -0.11 -0.55 1.31 2.12
320 327.04 -7.04 -0.25 -0.73 1.17 2.26
320 323.95 -3.95 0.00 -0.43 1.71 1.71
320 319.36 0.64 0.00 0.07 1.71 1.71
320 316.89 3.11 0.00 0.32 1.71 1.71
320 317.48 2.52 0.00 0.26 1.71 1.71
320 319.78 0.22 0.00 0.02 1.71 1.71
320 322.05 -2.05 0.00 -0.21 1.71 1.71
320 322.75 -2.75 0.00 -0.28 1.71 1.71
320 322.31 -2.31 0.00 -0.24 1.71 1.71
320 321.48 -1.48 0.00 -0.15 1.71 1.71
320 321.06 -1.06 0.00 -0.11 1.71 1.71
320 320.67 -0.67 0.00 -0.07 1.71 1.71
320 320.57 -0.57 0.00 -0.06 1.71 1.71
320 320.87 -0.87 0.00 -0.09 1.71 1.71
320 321.31 -1.31 0.00 -0.13 1.71 1.71
320 321.68 -1.68 0.00 -0.17 1.71 1.71
320 321.98 -1.98 0.00 -0.20 1.71 1.71
320 322.07 -2.07 0.00 -0.21 1.71 1.71
320 322.05 -2.05 0.00 -0.21 1.71 1.71
320 321.90 -1.90 0.00 -0.19 1.71 1.71
320 321.75 -1.75 0.00 -0.18 1.71 1.71
320 321.60 -1.60 0.00 -0.16 1.71 1.71
320 321.60 -1.60 0.00 -0.16 1.71 1.71
320 321.32 -1.32 0.00 -0.13 1.71 1.71
320 321.26 -1.26 0.00 -0.13 1.71 1.71
320 321.27 -1.27 0.00 -0.13 1.71 1.71
320 321.57 -1.57 0.00 -0.16 1.71 1.71
320 322.29 -2.29 0.00 -0.23 1.71 1.71
320 322.89 -2.89 0.00 -0.30 1.71 1.71
320 323.22 -3.22 0.00 -0.33 1.71 1.71
320 323.24 -3.24 0.00 -0.33 1.71 1.71
320 323.02 -3.02 0.00 -0.31 1.71 1.71
320 322.83 -2.83 0.00 -0.29 1.71 1.71
320 322.24 -2.24 0.00 -0.23 1.71 1.71
320 321.79 -1.79 0.00 -0.18 1.71 1.71
320 321.74 -1.74 0.00 -0.18 1.71 1.71
320 322.28 -2.28 0.00 -0.23 1.71 1.71
320 322.95 -2.95 0.00 -0.30 1.71 1.71
320 323.43 -3.43 0.00 -0.35 1.71 1.71
320 323.75 -3.75 0.00 -0.38 1.71 1.71
320 323.92 -3.92 0.00 -0.40 1.71 1.71
320 323.90 -3.90 0.00 -0.40 1.71 1.71
320 323.85 -3.85 0.00 -0.39 1.71 1.71
320 323.76 -3.76 0.00 -0.38 1.71 1.71
320 323.51 -3.51 0.00 -0.36 1.71 1.71
320 323.56 -3.56 0.00 -0.36 1.71 1.71
320 323.87 -3.87 0.00 -0.39 1.71 1.71
320 324.72 -4.72 -0.09 -0.48 1.35 2.08
320 325.34 -5.34 -0.20 -0.55 1.30 2.13
320 325.05 -5.05 -0.30 -0.54 1.31 2.12
320 323.91 -3.91 0.00 -0.43 1.71 1.71
320 322.29 -2.29 0.00 -0.23 1.71 1.71
320 321.06 -1.06 0.00 -0.11 1.71 1.71
320 320.51 -0.51 0.00 -0.05 1.71 1.71
320 320.73 -0.73 0.00 -0.07 1.71 1.71
320 321.69 -1.69 0.00 -0.17 1.71 1.71
320 322.74 -2.74 0.00 -0.28 1.71 1.71
320 323.76 -3.76 0.00 -0.38 1.71 1.71
320 324.30 -4.30 -0.09 -0.44 1.39 2.04
320 324.25 -4.25 -0.17 -0.44 1.38 2.05
320 323.56 -3.56 0.00 -0.38 1.71 1.71
320 322.32 -2.32 0.00 -0.24 1.71 1.71
320 321.57 -1.57 0.00 -0.16 1.71 1.71
320 321.06 -1.06 0.00 -0.11 1.71 1.71
320 320.97 -0.97 0.00 -0.10 1.71 1.71
320 321.07 -1.07 0.00 -0.11 1.71 1.71
320 321.49 -1.49 0.00 -0.15 1.71 1.71
320 322.00 -2.00 0.00 -0.20 1.71 1.71
320 322.51 -2.51 0.00 -0.26 1.71 1.71
320 323.11 -3.11 0.00 -0.32 1.71 1.71
320 323.53 -3.53 0.00 -0.36 1.71 1.71
320 323.85 -3.85 0.00 -0.39 1.71 1.71
320 324.17 -4.17 -0.08 -0.43 1.40 2.03
320 323.91 -3.91 0.00 -0.41 1.71 1.71
320 322.32 -2.32 0.00 -0.24 1.71 1.71
320 320.57 -0.57 0.00 -0.06 1.71 1.71
320 319.96 0.04 0.00 0.00 1.71 1.71
320 320.77 -0.77 0.00 -0.08 1.71 1.71
320 322.87 -2.87 0.00 -0.29 1.71 1.71
320 324.44 -4.44 -0.09 -0.45 1.37 2.05
320 325.38 -5.38 -0.20 -0.56 1.30 2.13
320 324.76 -4.76 -0.29 -0.51 1.34 2.09
320 322.87 -2.87 0.00 -0.32 1.71 1.71
320 319.98 0.02 0.00 0.00 1.71 1.71
320 317.77 2.23 0.00 0.23 1.71 1.71
320 317.73 2.27 0.00 0.23 1.71 1.71
320 319.66 0.34 0.00 0.03 1.71 1.71
320 322.34 -2.34 0.00 -0.24 1.71 1.71
320 324.05 -4.05 -0.08 -0.41 1.40 2.02
320 324.30 -4.30 -0.17 -0.45 1.38 2.05
320 323.10 -3.10 0.00 -0.33 1.71 1.71
320 321.40 -1.40 0.00 -0.14 1.71 1.71
320 319.94 0.06 0.00 0.01 1.71 1.71
320 318.93 1.07 0.00 0.11 1.71 1.71
320 318.66 1.34 0.00 0.14 1.71 1.71
320 319.44 0.56 0.00 0.06 1.71 1.71
320 320.78 -0.78 0.00 -0.08 1.71 1.71
320 321.74 -1.74 0.00 -0.18 1.71 1.71
320 322.25 -2.25 0.00 -0.23 1.71 1.71
320 322.20 -2.20 0.00 -0.22 1.71 1.71
320 322.03 -2.03 0.00 -0.21 1.71 1.71
320 322.01 -2.01 0.00 -0.21 1.71 1.71
320 321.70 -1.70 0.00 -0.17 1.71 1.71
320 321.52 -1.52 0.00 -0.15 1.71 1.71
320 321.20 -1.20 0.00 -0.12 1.71 1.71
320 321.12 -1.12 0.00 -0.11 1.71 1.71
320 320.93 -0.93 0.00 -0.09 1.71 1.71
320 321.23 -1.23 0.00 -0.13 1.71 1.71
320 321.58 -1.58 0.00 -0.16 1.71 1.71
320 322.03 -2.03 0.00 -0.21 1.71 1.71
320 322.56 -2.56 0.00 -0.26 1.71 1.71
320 322.86 -2.86 0.00 -0.29 1.71 1.71
320 323.08 -3.08 0.00 -0.31 1.71 1.71
320 322.84 -2.84 0.00 -0.29 1.71 1.71
320 322.58 -2.58 0.00 -0.26 1.71 1.71
320 322.38 -2.38 0.00 -0.24 1.71 1.71
320 322.09 -2.09 0.00 -0.21 1.71 1.71
q
s
s
s
s
s
s
s
s
s
s
s
s
s
q
130 320.20 -190.20 -3.80 -19.40 -5.20 5.20
130 319.79 -189.79 -7.60 -19.74 -5.20 5.20
130 317.76 -187.76 -11.35 -19.91 -5.20 5.20
130 310.38 -180.38 -14.96 -19.53 -5.20 5.20
130 298.64 -168.64 -18.34 -18.70 -5.20 5.20
130 285.61 -155.61 -21.45 -17.71 -5.20 5.20
130 274.81 -144.81 -24.34 -16.92 -5.20 5.20
130 265.73 -135.73 -27.06 -16.28 -5.20 5.20
130 259.50 -129.50 -29.65 -15.92 -5.20 5.20
130 253.76 -123.76 -32.12 -15.59 -5.20 5.20
130 246.26 -116.26 -34.45 -15.07 -5.20 5.20
130 237.58 -107.58 -36.60 -14.42 -5.20 5.20
130 226.13 -96.13 -38.52 -13.47 -5.20 5.20
130 215.08 -85.08 -40.22 -12.53 -5.20 5.20
130 205.43 -75.43 -41.73 -11.72 -5.20 5.20
130 197.40 -67.40 -43.08 -11.05 -5.20 5.20
130 190.14 -60.14 -44.28 -10.44 -5.20 5.20
130 183.35 -53.35 -45.35 -9.87 -5.20 5.20
130 175.17 -45.17 -46.25 -9.14 -5.20 5.20
130 165.91 -35.91 -46.97 -8.29 -5.20 5.20
130 155.63 -25.63 -47.49 -7.31 -5.20 5.20
130 146.56 -16.56 -47.82 -6.44 -4.83 4.83
130 138.15 -8.15 -47.98 -5.61 -4.21 4.21
130 131.11 -1.11 0.00 -4.91 1.71 1.71
130 125.83 4.17 0.08 0.43 2.03 1.40
130 124.30 5.70 0.20 0.59 2.16 1.27
130 126.23 3.77 0.00 0.40 1.71 1.71
130 130.29 -0.29 0.00 -0.03 1.71 1.71
130 133.05 -3.05 0.00 -0.31 1.71 1.71
130 133.22 -3.22 0.00 -0.33 1.71 1.71
130 131.46 -1.46 0.00 -0.15 1.71 1.71
130 129.31 0.69 0.00 0.07 1.71 1.71
130 128.68 1.32 0.00 0.13 1.71 1.71
130 128.88 1.12 0.00 0.11 1.71 1.71
130 129.53 0.47 0.00 0.05 1.71 1.71
130 129.95 0.05 0.00 0.00 1.71 1.71
130 129.93 0.07 0.00 0.01 1.71 1.71
130 129.44 0.56 0.00 0.06 1.71 1.71
130 128.73 1.27 0.00 0.13 1.71 1.71
130 128.27 1.73 0.00 0.18 1.71 1.71
130 128.17 1.83 0.00 0.19 1.71 1.71
130 128.20 1.80 0.00 0.18 1.71 1.71
130 128.28 1.72 0.00 0.18 1.71 1.71
130 128.56 1.44 0.00 0.15 1.71 1.71
130 128.91 1.09 0.00 0.11 1.71 1.71
130 128.62 1.38 0.00 0.14 1.71 1.71
130 128.07 1.93 0.00 0.20 1.71 1.71
130 127.59 2.41 0.00 0.25 1.71 1.71
130 127.25 2.75 0.00 0.28 1.71 1.71
130 126.93 3.07 0.00 0.31 1.71 1.71
130 126.93 3.07 0.00 0.31 1.71 1.71
130 127.09 2.91 0.00 0.30 1.71 1.71
130 127.08 2.92 0.00 0.30 1.71 1.71
130 127.10 2.90 0.00 0.30 1.71 1.71
130 127.02 2.98 0.00 0.30 1.71 1.71
130 126.75 3.25 0.00 0.33 1.71 1.71
130 125.96 4.04 0.08 0.41 2.02 1.41
130 125.41 4.59 0.17 0.48 2.07 1.36
130 125.52 4.48 0.26 0.47 2.07 1.36
130 126.84 3.16 0.00 0.35 1.71 1.71
130 129.53 0.47 0.00 0.05 1.71 1.71
130 131.84 -1.84 0.00 -0.19 1.71 1.71
130 132.19 -2.19 0.00 -0.22 1.71 1.71
130 130.94 -0.94 0.00 -0.10 1.71 1.71
130 129.72 0.28 0.00 0.03 1.71 1.71
130 129.17 0.83 0.00 0.08 1.71 1.71
130 129.16 0.84 0.00 0.09 1.71 1.71
130 129.24 0.76 0.00 0.08 1.71 1.71
130 129.29 0.71 0.00 0.07 1.71 1.71
130 129.35 0.65 0.00 0.07 1.71 1.71
130 129.76 0.24 0.00 0.02 1.71 1.71
130 130.16 -0.16 0.00 -0.02 1.71 1.71
130 130.70 -0.70 0.00 -0.07 1.71 1.71
130 130.95 -0.95 0.00 -0.10 1.71 1.71
130 131.13 -1.13 0.00 -0.12 1.71 1.71
130 131.40 -1.40 0.00 -0.14 1.71 1.71
130 131.55 -1.55 0.00 -0.16 1.71 1.71
130 131.45 -1.45 0.00 -0.15 1.71 1.71
130 130.91 -0.91 0.00 -0.09 1.71 1.71
130 130.44 -0.44 0.00 -0.04 1.71 1.71
130 130.11 -0.11 0.00 -0.01 1.71 1.71
130 130.75 -0.75 0.00 -0.08 1.71 1.71
130 131.98 -1.98 0.00 -0.20 1.71 1.71
130 133.07 -3.07 0.00 -0.31 1.71 1.71
130 133.43 -3.43 0.00 -0.35 1.71 1.71
130 133.67 -3.67 0.00 -0.37 1.71 1.71
130 133.83 -3.83 0.00 -0.39 1.71 1.71
130 133.71 -3.71 0.00 -0.38 1.71 1.71
130 133.19 -3.19 0.00 -0.33 1.71 1.71
130 132.21 -2.21 0.00 -0.23 1.71 1.71
130 131.73 -1.73 0.00 -0.18 1.71 1.71
130 131.63 -1.63 0.00 -0.17 1.71 1.71
130 132.27 -2.27 0.00 -0.23 1.71 1.71
130 133.16 -3.16 0.00 -0.32 1.71 1.71
130 133.80 -3.80 0.00 -0.39 1.71 1.71
130 134.01 -4.01 -0.08 -0.41 1.41 2.02
130 133.92 -3.92 0.00 -0.41 1.71 1.71
130 133.35 -3.35 0.00 -0.34 1.71 1.71
130 132.75 -2.75 0.00 -0.28 1.71 1.71
130 132.22 -2.22 0.00 -0.23 1.71 1.71
130 132.14 -2.14 0.00 -0.22 1.71 1.71
130 132.40 -2.40 0.00 -0.24 1.71 1.71
130 132.79 -2.79 0.00 -0.28 1.71 1.71
130 133.74 -3.74 0.00 -0.38 1.71 1.71
130 134.72 -4.72 -0.09 -0.48 1.35 2.08
130 135.11 -5.11 -0.20 -0.53 1.32 2.11
130 134.83 -4.83 -0.29 -0.51 1.33 2.10
130 133.01 -3.01 0.00 -0.34 1.71 1.71
130 129.63 0.37 0.00 0.04 1.71 1.71
130 126.97 3.03 0.00 0.31 1.71 1.71
130 126.04 3.96 0.00 0.40 1.71 1.71
130 126.86 3.14 0.00 0.32 1.71 1.71
130 128.48 1.52 0.00 0.16 1.71 1.71
130 129.97 0.03 0.00 0.00 1.71 1.71
130 130.98 -0.98 0.00 -0.10 1.71 1.71
130 131.10 -1.10 0.00 -0.11 1.71 1.71
130 130.82 -0.82 0.00 -0.08 1.71 1.71
130 129.84 0.16 0.00 0.02 1.71 1.71
130 128.80 1.20 0.00 0.12 1.71 1.71
130 128.23 1.77 0.00 0.18 1.71 1.71
130 128.23 1.77 0.00 0.18 1.71 1.71
130 128.88 1.12 0.00 0.11 1.71 1.71
130 129.94 0.06 0.00 0.01 1.71 1.71
130 130.71 -0.71 0.00 -0.07 1.71 1.71
130 131.11 -1.11 0.00 -0.11 1.71 1.71
130 131.07 -1.07 0.00 -0.11 1.71 1.71
130 130.86 -0.86 0.00 -0.09 1.71 1.71
130 130.38 -0.38 0.00 -0.04 1.71 1.71
130 129.78 0.22 0.00 0.02 1.71 1.71
130 129.53 0.47 0.00 0.05 1.71 1.71
130 129.48 0.52 0.00 0.05 1.71 1.71
130 129.58 0.42 0.00 0.04 1.71 1.71
130 130.21 -0.21 0.00 -0.02 1.71 1.71
130 130.74 -0.74 0.00 -0.08 1.71 1.71
130 131.36 -1.36 0.00 -0.14 1.71 1.71
130 132.04 -2.04 0.00 -0.21 1.71 1.71
130 132.51 -2.51 0.00 -0.26 1.71 1.71
130 132.55 -2.55 0.00 -0.26 1.71 1.71
130 132.36 -2.36 0.00 -0.24 1.71 1.71
130 131.88 -1.88 0.00 -0.19 1.71 1.71
130 131.52 -1.52 0.00 -0.15 1.71 1.71
130 131.43 -1.43 0.00 -0.15 1.71 1.71
130 131.57 -1.57 0.00 -0.16 1.71 1.71
130 131.92 -1.92 0.00 -0.20 1.71 1.71
130 132.37 -2.37 0.00 -0.24 1.71 1.71
