130 317.78 -187.78 -3.76 -19.15 -5.20 5.20
130 317.70 -187.70 -7.51 -19.52 -5.20 5.20
130 314.73 -184.73 -11.20 -19.59 -5.20 5.20
130 306.79 -176.79 -14.74 -19.15 -5.20 5.20
130 295.39 -165.39 -18.05 -18.34 -5.20 5.20
130 283.64 -153.64 -21.12 -17.48 -5.20 5.20
130 274.17 -144.17 -24.00 -16.82 -5.20 5.20
130 265.65 -135.65 -26.72 -16.24 -5.20 5.20
130 258.06 -128.06 -29.28 -15.73 -5.20 5.20
130 250.63 -120.63 -31.69 -15.23 -5.20 5.20
130 242.29 -112.29 -33.94 -14.62 -5.20 5.20
130 233.79 -103.79 -36.01 -13.98 -5.20 5.20
130 224.15 -94.15 -37.90 -13.20 -5.20 5.20
130 214.57 -84.57 -39.59 -12.42 -5.20 5.20
130 205.01 -75.01 -41.09 -11.61 -5.20 5.20
130 195.61 -65.61 -42.40 -10.80 -5.20 5.20
130 187.06 -57.06 -43.54 -10.06 -5.20 5.20
130 179.38 -49.38 -44.53 -9.39 -5.20 5.20
130 172.29 -42.29 -45.37 -8.77 -5.20 5.20
130 164.01 -34.01 -46.05 -8.01 -5.20 5.20
130 154.62 -24.62 -46.55 -7.12 -5.20 5.20
130 144.26 -14.26 -46.83 -6.11 -4.58 4.58
130 135.01 -5.01 -46.93 -5.19 -2.18 5.20
130 126.93 3.07 0.00 -4.38 1.71 1.71
130 119.65 10.35 0.21 1.06 0.79 -0.79
130 116.93 13.07 0.47 1.35 1.02 -1.02
130 118.45 11.55 0.70 1.22 0.92 -0.92
130 122.19 7.81 0.86 0.87 2.36 1.06
130 125.94 4.06 0.94 0.50 2.09 1.34
130 127.70 2.29 0.00 0.33 1.71 1.71
130 127.94 2.06 0.00 0.21 1.71 1.71
130 127.29 2.71 0.00 0.28 1.71 1.71
130 125.86 4.14 0.08 0.42 2.03 1.40
130 124.34 5.66 0.20 0.59 2.15 1.27
130 124.47 5.53 0.31 0.58 2.15 1.28
130 126.58 3.42 0.00 0.38 1.71 1.71
130 129.97 0.03 0.00 0.00 1.71 1.71
130 132.34 -2.34 0.00 -0.24 1.71 1.71
130 133.07 -3.07 0.00 -0.31 1.71 1.71
130 131.88 -1.88 0.00 -0.19 1.71 1.71
130 130.13 -0.13 0.00 -0.01 1.71 1.71
130 129.21 0.79 0.00 0.08 1.71 1.71
130 129.08 0.92 0.00 0.09 1.71 1.71
130 129.08 0.92 0.00 0.09 1.71 1.71
130 129.33 0.67 0.00 0.07 1.71 1.71
130 129.53 0.47 0.00 0.05 1.71 1.71
130 129.98 0.02 0.00 0.00 1.71 1.71
130 130.66 -0.66 0.00 -0.07 1.71 1.71
130 131.33 -1.33 0.00 -0.14 1.71 1.71
130 131.96 -1.96 0.00 -0.20 1.71 1.71
130 132.20 -2.20 0.00 -0.22 1.71 1.71
130 132.10 -2.10 0.00 -0.21 1.71 1.71
130 131.78 -1.78 0.00 -0.18 1.71 1.71
130 131.20 -1.20 0.00 -0.12 1.71 1.71
130 130.16 -0.16 0.00 -0.02 1.71 1.71
130 129.27 0.73 0.00 0.07 1.71 1.71
130 128.79 1.21 0.00 0.12 1.71 1.71
130 128.91 1.09 0.00 0.11 1.71 1.71
130 129.72 0.28 0.00 0.03 1.71 1.71
130 130.81 -0.81 0.00 -0.08 1.71 1.71
130 131.64 -1.64 0.00 -0.17 1.71 1.71
130 131.94 -1.94 0.00 -0.20 1.71 1.71
130 131.56 -1.56 0.00 -0.16 1.71 1.71
130 130.28 -0.28 0.00 -0.03 1.71 1.71
130 129.08 0.92 0.00 0.09 1.71 1.71
130 128.45 1.55 0.00 0.16 1.71 1.71
130 128.58 1.42 0.00 0.15 1.71 1.71
130 129.28 0.72 0.00 0.07 1.71 1.71
130 130.58 -0.58 0.00 -0.06 1.71 1.71
130 132.33 -2.33 0.00 -0.24 1.71 1.71
130 133.51 -3.51 0.00 -0.36 1.71 1.71
130 133.55 -3.55 0.00 -0.36 1.71 1.71
130 132.93 -2.93 0.00 -0.30 1.71 1.71
130 131.85 -1.85 0.00 -0.19 1.71 1.71
130 130.92 -0.92 0.00 -0.09 1.71 1.71
130 129.89 0.11 0.00 0.01 1.71 1.71
130 129.42 0.58 0.00 0.06 1.71 1.71
130 129.70 0.30 0.00 0.03 1.71 1.71
130 130.17 -0.17 0.00 -0.02 1.71 1.71
130 130.85 -0.85 0.00 -0.09 1.71 1.71
130 131.37 -1.37 0.00 -0.14 1.71 1.71
130 131.78 -1.78 0.00 -0.18 1.71 1.71
130 132.10 -2.10 0.00 -0.21 1.71 1.71
130 131.62 -1.62 0.00 -0.17 1.71 1.71
130 130.90 -0.90 0.00 -0.09 1.71 1.71
130 130.52 -0.52 0.00 -0.05 1.71 1.71
130 130.22 -0.22 0.00 -0.02 1.71 1.71
130 130.20 -0.20 0.00 -0.02 1.71 1.71
130 130.74 -0.74 0.00 -0.08 1.71 1.71
130 131.25 -1.25 0.00 -0.13 1.71 1.71
130 131.69 -1.69 0.00 -0.17 1.71 1.71
130 132.02 -2.02 0.00 -0.21 1.71 1.71
130 132.67 -2.67 0.00 -0.27 1.71 1.71
130 132.64 -2.64 0.00 -0.27 1.71 1.71
130 132.24 -2.24 0.00 -0.23 1.71 1.71
130 132.02 -2.02 0.00 -0.21 1.71 1.71
130 132.10 -2.10 0.00 -0.21 1.71 1.71
130 132.22 -2.22 0.00 -0.23 1.71 1.71
130 132.52 -2.52 0.00 -0.26 1.71 1.71
130 132.78 -2.78 0.00 -0.28 1.71 1.71
130 132.86 -2.86 0.00 -0.29 1.71 1.71
130 133.25 -3.25 0.00 -0.33 1.71 1.71
130 133.53 -3.53 0.00 -0.36 1.71 1.71
130 133.96 -3.96 0.00 -0.40 1.71 1.71
130 134.03 -4.03 -0.08 -0.41 1.41 2.02
130 133.71 -3.71 0.00 -0.39 1.71 1.71
130 133.45 -3.45 0.00 -0.35 1.71 1.71
130 133.08 -3.08 0.00 -0.31 1.71 1.71
130 132.35 -2.35 0.00 -0.24 1.71 1.71
130 131.72 -1.72 0.00 -0.18 1.71 1.71
130 131.72 -1.72 0.00 -0.18 1.71 1.71
130 132.48 -2.48 0.00 -0.25 1.71 1.71
130 133.63 -3.63 0.00 -0.37 1.71 1.71
130 134.55 -4.55 -0.09 -0.46 1.37 2.06
130 134.89 -4.89 -0.19 -0.51 1.33 2.09
130 133.81 -3.81 0.00 -0.41 1.71 1.71
130 132.05 -2.05 0.00 -0.21 1.71 1.71
130 130.75 -0.75 0.00 -0.08 1.71 1.71
130 130.71 -0.71 0.00 -0.07 1.71 1.71
130 131.25 -1.25 0.00 -0.13 1.71 1.71
130 132.01 -2.01 0.00 -0.21 1.71 1.71
130 132.60 -2.60 0.00 -0.27 1.71 1.71
130 133.08 -3.08 0.00 -0.31 1.71 1.71
130 133.42 -3.42 0.00 -0.35 1.71 1.71
130 133.80 -3.80 0.00 -0.39 1.71 1.71
130 133.88 -3.88 0.00 -0.40 1.71 1.71
130 134.03 -4.03 -0.08 -0.41 1.41 2.02
130 134.26 -4.26 -0.17 -0.44 1.38 2.05
130 133.60 -3.60 0.00 -0.38 1.71 1.71
130 132.34 -2.34 0.00 -0.24 1.71 1.71
130 131.01 -1.01 0.00 -0.10 1.71 1.71
130 130.61 -0.61 0.00 -0.06 1.71 1.71
130 131.17 -1.17 0.00 -0.12 1.71 1.71
130 132.52 -2.52 0.00 -0.26 1.71 1.71
130 134.04 -4.04 -0.08 -0.41 1.41 2.02
130 135.02 -5.02 -0.18 -0.52 1.32 2.10
130 134.44 -4.44 -0.27 -0.47 1.36 2.07
130 132.31 -2.31 0.00 -0.26 1.71 1.71
130 129.76 0.24 0.00 0.02 1.71 1.71
130 127.83 2.17 0.00 0.22 1.71 1.71
130 126.94 3.06 0.00 0.31 1.71 1.71
130 127.58 2.42 0.00 0.25 1.71 1.71
130 129.17 0.83 0.00 0.08 1.71 1.71
130 130.54 -0.54 0.00 -0.06 1.71 1.71
130 131.61 -1.61 0.00 -0.16 1.71 1.71
130 132.02 -2.02 0.00 -0.21 1.71 1.71
130 132.15 -2.15 0.00 -0.22 1.71 1.71
130 132.14 -2.14 0.00 -0.22 1.71 1.71
130 131.98 -1.98 0.00 -0.20 1.71 1.71
130 131.80 -1.80 0.00 -0.18 1.71 1.71
130 131.28 -1.28 0.00 -0.13 1.71 1.71
130 130.70 -0.70 0.00 -0.07 1.71 1.71
130 130.30 -0.30 0.00 -0.03 1.71 1.71
130 130.55 -0.55 0.00 -0.06 1.71 1.71
130 131.02 -1.01 0.00 -0.10 1.71 1.71
130 131.74 -1.74 0.00 -0.18 1.71 1.71
130 132.40 -2.40 0.00 -0.25 1.71 1.71
130 132.99 -2.99 0.00 -0.30 1.71 1.71
130 133.36 -3.36 0.00 -0.34 1.71 1.71
130 133.33 -3.33 0.00 -0.34 1.71 1.71
130 132.43 -2.43 0.00 -0.25 1.71 1.71
130 131.91 -1.91 0.00 -0.20 1.71 1.71
130 131.98 -1.98 0.00 -0.20 1.71 1.71
130 131.98 -1.98 0.00 -0.20 1.71 1.71
130 132.33 -2.33 0.00 -0.24 1.71 1.71
130 132.28 -2.28 0.00 -0.23 1.71 1.71
130 132.18 -2.18 0.00 -0.22 1.71 1.71
130 132.17 -2.17 0.00 -0.22 1.71 1.71
130 132.12 -2.12 0.00 -0.22 1.71 1.71
130 132.07 -2.07 0.00 -0.21 1.71 1.71
130 132.26 -2.26 0.00 -0.23 1.71 1.71
130 132.19 -2.19 0.00 -0.22 1.71 1.71
130 132.11 -2.11 0.00 -0.22 1.71 1.71
130 132.06 -2.06 0.00 -0.21 1.71 1.71
130 132.02 -2.02 0.00 -0.21 1.71 1.71
130 131.98 -1.98 0.00 -0.20 1.71 1.71
130 131.97 -1.97 0.00 -0.20 1.71 1.71
130 131.96 -1.96 0.00 -0.20 1.71 1.71
130 131.96 -1.96 0.00 -0.20 1.71 1.71
130 131.92 -1.92 0.00 -0.20 1.71 1.71
130 131.91 -1.91 0.00 -0.20 1.71 1.71
130 131.93 -1.93 0.00 -0.20 1.71 1.71
130 131.95 -1.95 0.00 -0.20 1.71 1.71
130 131.94 -1.94 0.00 -0.20 1.71 1.71
130 131.92 -1.92 0.00 -0.20 1.71 1.71
130 131.91 -1.91 0.00 -0.19 1.71 1.71
130 131.91 -1.91 0.00 -0.19 1.71 1.71
130 131.93 -1.93 0.00 -0.20 1.71 1.71
130 131.92 -1.92 0.00 -0.20 1.71 1.71
130 131.92 -1.92 0.00 -0.20 1.71 1.71
130 131.93 -1.93 0.00 -0.20 1.71 1.71
130 131.89 -1.89 0.00 -0.19 1.71 1.71
130 131.91 -1.91 0.00 -0.19 1.71 1.71
130 131.87 -1.87 0.00 -0.19 1.71 1.71
130 131.89 -1.89 0.00 -0.19 1.71 1.71
130 131.92 -1.92 0.00 -0.20 1.71 1.71
130 131.91 -1.91 0.00 -0.19 1.71 1.71
130 131.90 -1.90 0.00 -0.19 1.71 1.71
130 131.88 -1.88 0.00 -0.19 1.71 1.71
130 131.88 -1.88 0.00 -0.19 1.71 1.71
130 131.86 -1.86 0.00 -0.19 1.71 1.71
130 131.87 -1.87 0.00 -0.19 1.71 1.71
130 131.87 -1.87 0.00 -0.19 1.71 1.71
130 131.86 -1.86 0.00 -0.19 1.71 1.71
130 131.85 -1.85 0.00 -0.19 1.71 1.71
130 131.83 -1.83 0.00 -0.19 1.71 1.71
130 131.85 -1.85 0.00 -0.19 1.71 1.71
130 131.87 -1.87 0.00 -0.19 1.71 1.71
130 131.89 -1.89 0.00 -0.19 1.71 1.71
130 131.90 -1.90 0.00 -0.19 1.71 1.71
130 131.90 -1.90 0.00 -0.19 1.71 1.71
130 131.92 -1.92 0.00 -0.20 1.71 1.71
130 131.95 -1.95 0.00 -0.20 1.71 1.71
130 131.95 -1.95 0.00 -0.20 1.71 1.71
130 131.93 -1.93 0.00 -0.20 1.71 1.71
130 131.95 -1.95 0.00 -0.20 1.71 1.71
130 131.93 -1.93 0.00 -0.20 1.71 1.71
130 131.91 -1.91 0.00 -0.19 1.71 1.71
130 132.14 -2.14 0.00 -0.22 1.71 1.71
130 132.03 -2.03 0.00 -0.21 1.71 1.71
130 132.02 -2.02 0.00 -0.21 1.71 1.71
130 132.00 -2.00 0.00 -0.20 1.71 1.71
130 131.97 -1.97 0.00 -0.20 1.71 1.71
130 131.94 -1.94 0.00 -0.20 1.71 1.71
130 131.98 -1.98 0.00 -0.20 1.71 1.71
130 131.99 -1.99 0.00 -0.20 1.71 1.71
130 131.95 -1.95 0.00 -0.20 1.71 1.71
130 131.95 -1.95 0.00 -0.20 1.71 1.71
130 131.95 -1.95 0.00 -0.20 1.71 1.71
130 131.91 -1.91 0.00 -0.19 1.71 1.71
130 131.94 -1.94 0.00 -0.20 1.71 1.71
130 132.18 -2.18 0.00 -0.22 1.71 1.71
130 132.43 -2.43 0.00 -0.25 1.71 1.71
130 133.09 -3.09 0.00 -0.31 1.71 1.71
130 134.02 -4.02 -0.08 -0.41 1.41 2.02
130 134.88 -4.88 -0.18 -0.51 1.33 2.09
130 135.34 -5.34 -0.28 -0.56 1.29 2.14
130 135.13 -5.13 -0.39 -0.55 1.30 2.13
130 134.08 -4.08 -0.47 -0.46 1.37 2.06
130 132.55 -2.55 0.00 -0.31 1.71 1.71
130 131.48 -1.48 0.00 -0.15 1.71 1.71
130 131.27 -1.27 0.00 -0.13 1.71 1.71
130 131.10 -1.10 0.00 -0.11 1.71 1.71
130 130.92 -0.92 0.00 -0.09 1.71 1.71
130 130.81 -0.81 0.00 -0.08 1.71 1.71
130 130.82 -0.82 0.00 -0.08 1.71 1.71
130 130.91 -0.91 0.00 -0.09 1.71 1.71
130 130.91 -0.91 0.00 -0.09 1.71 1.71
130 130.97 -0.97 0.00 -0.10 1.71 1.71
130 130.75 -0.75 0.00 -0.08 1.71 1.71
130 130.43 -0.43 0.00 -0.04 1.71 1.71
130 130.03 -0.03 0.00 -0.00 1.71 1.71
130 129.64 0.36 0.00 0.04 1.71 1.71
130 129.20 0.80 0.00 0.08 1.71 1.71
130 128.81 1.19 0.00 0.12 1.71 1.71
130 128.58 1.42 0.00 0.14 1.71 1.71
130 128.41 1.59 0.00 0.16 1.71 1.71
130 128.36 1.64 0.00 0.17 1.71 1.71
130 128.54 1.46 0.00 0.15 1.71 1.71
130 128.46 1.54 0.00 0.16 1.71 1.71
130 128.40 1.60 0.00 0.16 1.71 1.71
130 128.25 1.75 0.00 0.18 1.71 1.71
130 128.24 1.76 0.00 0.18 1.71 1.71
130 128.07 1.93 0.00 0.20 1.71 1.71
130 127.81 2.19 0.00 0.22 1.71 1.71
130 127.33 2.67 0.00 0.27 1.71 1.71
130 127.16 2.84 0.00 0.29 1.71 1.71
130 127.15 2.85 0.00 0.29 1.71 1.71
130 127.44 2.56 0.00 0.26 1.71 1.71
130 127.19 2.81 0.00 0.29 1.71 1.71
130 126.86 3.14 0.00 0.32 1.71 1.71
130 126.30 3.70 0.00 0.38 1.71 1.71
130 125.87 4.13 0.08 0.42 2.03 1.40
130 125.66 4.34 0.17 0.45 2.05 1.38
130 125.52 4.48 0.26 0.47 2.07 1.36
130 125.20 4.80 0.35 0.52 2.10 1.33
130 124.95 5.05 0.46 0.55 2.13 1.30
130 124.86 5.14 0.56 0.57 2.14 1.29
130 124.88 5.12 0.66 0.58 2.15 1.28
130 124.79 5.21 0.77 0.60 2.16 1.27
130 124.78 5.22 0.87 0.61 2.17 1.26
130 124.76 5.24 0.97 0.62 2.18 1.25
130 124.74 5.26 1.08 0.63 2.19 1.24
130 124.76 5.24 1.18 0.64 2.20 1.23
130 124.74 5.26 1.29 0.65 2.21 1.22
130 124.79 5.21 1.39 0.66 2.21 1.22
130 124.79 5.21 1.50 0.67 2.22 1.21
130 124.75 5.25 1.60 0.69 2.23 1.20
130 124.75 5.25 1.71 0.70 2.24 1.19
130 124.73 5.27 1.81 0.71 2.25 1.18
130 125.04 4.96 1.91 0.69 2.23 1.20
130 124.92 5.08 2.01 0.71 2.25 1.18
130 124.92 5.08 2.12 0.72 2.25 1.17
130 124.87 5.13 2.22 0.74 2.27 1.16
130 124.83 5.17 2.32 0.75 2.28 1.15
130 124.81 5.19 2.43 0.76 2.29 1.14
130 125.11 4.89 2.52 0.74 2.27 1.16
130 125.00 5.00 2.62 0.76 2.29 1.14
130 124.97 5.03 2.72 0.78 2.30 1.13
130 124.93 5.07 2.83 0.79 2.31 1.12
130 124.84 5.16 2.93 0.81 2.32 1.11
130 124.82 5.18 3.03 0.82 2.33 1.10
130 124.81 5.19 3.14 0.83 2.34 1.09
