Starting
130 92.03 37.97 0.76 3.87 2.90 -2.90
130 94.58 35.42 1.47 3.69 2.77 -2.77
130 97.95 32.05 2.11 3.42 2.56 -2.56
130 103.31 26.69 2.64 2.93 2.20 -2.20
130 110.84 19.16 3.03 2.22 1.66 -1.66
130 117.04 12.96 3.29 1.62 1.22 -1.22
130 120.19 9.81 3.48 1.33 1.00 -1.00
130 120.83 9.17 3.66 1.28 0.96 -0.96
130 121.20 8.80 3.84 1.26 0.95 -0.95
130 122.20 7.80 4.00 1.18 2.60 0.83
130 123.36 6.64 4.13 1.08 2.52 0.91
130 125.85 4.15 4.21 0.84 2.34 1.09
130 129.72 0.28 0.00 0.45 1.71 1.71
130 132.82 -2.82 0.00 -0.29 1.71 1.71
130 134.27 -4.27 -0.09 -0.44 1.39 2.04
130 133.58 -3.58 0.00 -0.37 1.71 1.71
130 131.37 -1.37 0.00 -0.14 1.71 1.71
130 129.57 0.43 0.00 0.04 1.71 1.71
130 128.85 1.15 0.00 0.12 1.71 1.71
130 129.12 0.88 0.00 0.09 1.71 1.71
130 130.05 -0.05 0.00 -0.01 1.71 1.71
130 131.11 -1.11 0.00 -0.11 1.71 1.71
130 131.60 -1.60 0.00 -0.16 1.71 1.71
130 131.73 -1.73 0.00 -0.18 1.71 1.71
130 131.67 -1.67 0.00 -0.17 1.71 1.71
130 131.63 -1.63 0.00 -0.17 1.71 1.71
130 131.11 -1.11 0.00 -0.11 1.71 1.71
130 130.70 -0.70 0.00 -0.07 1.71 1.71
130 130.02 -0.02 0.00 -0.00 1.71 1.71
130 129.53 0.47 0.00 0.05 1.71 1.71
130 129.18 0.82 0.00 0.08 1.71 1.71
130 129.28 0.72 0.00 0.07 1.71 1.71
130 129.66 0.34 0.00 0.03 1.71 1.71
130 130.18 -0.18 0.00 -0.02 1.71 1.71
130 130.46 -0.46 0.00 -0.05 1.71 1.71
130 130.84 -0.84 0.00 -0.09 1.71 1.71
130 131.15 -1.15 0.00 -0.12 1.71 1.71
130 131.35 -1.35 0.00 -0.14 1.71 1.71
130 131.21 -1.21 0.00 -0.12 1.71 1.71
130 131.15 -1.15 0.00 -0.12 1.71 1.71
130 130.54 -0.54 0.00 -0.05 1.71 1.71
130 130.28 -0.28 0.00 -0.03 1.71 1.71
130 130.51 -0.51 0.00 -0.05 1.71 1.71
130 131.33 -1.33 0.00 -0.14 1.71 1.71
130 131.80 -1.80 0.00 -0.18 1.71 1.71
130 132.02 -2.02 0.00 -0.21 1.71 1.71
130 131.90 -1.90 0.00 -0.19 1.71 1.71
130 131.77 -1.77 0.00 -0.18 1.71 1.71
130 131.43 -1.43 0.00 -0.15 1.71 1.71
130 131.12 -1.12 0.00 -0.11 1.71 1.71
130 130.08 -0.08 0.00 -0.01 1.71 1.71
130 129.52 0.48 0.00 0.05 1.71 1.71
130 129.40 0.60 0.00 0.06 1.71 1.71
130 129.88 0.12 0.00 0.01 1.71 1.71
130 131.23 -1.23 0.00 -0.13 1.71 1.71
130 131.94 -1.94 0.00 -0.20 1.71 1.71
130 132.14 -2.14 0.00 -0.22 1.71 1.71
130 132.06 -2.06 0.00 -0.21 1.71 1.71
130 131.95 -1.95 0.00 -0.20 1.71 1.71
130 131.60 -1.60 0.00 -0.16 1.71 1.71
130 130.66 -0.66 0.00 -0.07 1.71 1.71
130 130.13 -0.13 0.00 -0.01 1.71 1.71
130 130.41 -0.41 0.00 -0.04 1.71 1.71
130 131.72 -1.72 0.00 -0.18 1.71 1.71
130 133.23 -3.23 0.00 -0.33 1.71 1.71
130 133.94 -3.94 0.00 -0.40 1.71 1.71
130 133.45 -3.45 0.00 -0.35 1.71 1.71
130 132.60 -2.60 0.00 -0.27 1.71 1.71
130 132.30 -2.30 0.00 -0.23 1.71 1.71
130 131.99 -1.99 0.00 -0.20 1.71 1.71
130 131.37 -1.37 0.00 -0.14 1.71 1.71
130 131.16 -1.16 0.00 -0.12 1.71 1.71
130 131.28 -1.28 0.00 -0.13 1.71 1.71
130 131.88 -1.88 0.00 -0.19 1.71 1.71
130 132.94 -2.94 0.00 -0.30 1.71 1.71
130 133.94 -3.94 0.00 -0.40 1.71 1.71
130 134.38 -4.38 -0.09 -0.45 1.38 2.05
130 134.26 -4.26 -0.17 -0.44 1.38 2.05
130 133.48 -3.48 0.00 -0.37 1.71 1.71
130 131.92 -1.92 0.00 -0.20 1.71 1.71
130 130.36 -0.36 0.00 -0.04 1.71 1.71
130 129.99 0.01 0.00 0.00 1.71 1.71
130 130.65 -0.65 0.00 -0.07 1.71 1.71
130 131.90 -1.90 0.00 -0.19 1.71 1.71
130 133.26 -3.26 0.00 -0.33 1.71 1.71
130 134.14 -4.14 -0.08 -0.42 1.40 2.03
130 134.05 -4.05 -0.16 -0.42 1.40 2.03
130 132.81 -2.81 0.00 -0.30 1.71 1.71
130 131.02 -1.02 0.00 -0.10 1.71 1.71
130 129.37 0.63 0.00 0.06 1.71 1.71
130 128.26 1.74 0.00 0.18 1.71 1.71
130 128.35 1.65 0.00 0.17 1.71 1.71
130 129.51 0.49 0.00 0.05 1.71 1.71
130 130.61 -0.61 0.00 -0.06 1.71 1.71
130 131.33 -1.33 0.00 -0.14 1.71 1.71
130 131.66 -1.66 0.00 -0.17 1.71 1.71
130 131.66 -1.66 0.00 -0.17 1.71 1.71
130 131.27 -1.27 0.00 -0.13 1.71 1.71
130 131.11 -1.11 0.00 -0.11 1.71 1.71
130 131.00 -1.00 0.00 -0.10 1.71 1.71
130 130.92 -0.92 0.00 -0.09 1.71 1.71
130 130.97 -0.97 0.00 -0.10 1.71 1.71
130 131.11 -1.11 0.00 -0.11 1.71 1.71
130 131.43 -1.43 0.00 -0.15 1.71 1.71
130 131.84 -1.84 0.00 -0.19 1.71 1.71
130 132.48 -2.48 0.00 -0.25 1.71 1.71
130 133.00 -3.00 0.00 -0.31 1.71 1.71
130 133.37 -3.37 0.00 -0.34 1.71 1.71
130 133.49 -3.49 0.00 -0.36 1.71 1.71
130 133.34 -3.34 0.00 -0.34 1.71 1.71
130 132.79 -2.79 0.00 -0.28 1.71 1.71
130 132.17 -2.17 0.00 -0.22 1.71 1.71
130 131.76 -1.76 0.00 -0.18 1.71 1.71
130 131.49 -1.49 0.00 -0.15 1.71 1.71
130 131.74 -1.74 0.00 -0.18 1.71 1.71
q
