130 118.83 11.17 0.22 1.14 0.85 -0.85
130 118.88 11.12 0.45 1.16 0.87 -0.87
130 119.02 10.98 0.67 1.16 0.87 -0.87
130 119.52 10.48 0.87 1.14 0.85 -0.85
130 120.32 9.68 1.07 1.07 0.81 -0.81
130 120.85 9.15 1.25 1.04 0.78 -0.78
130 121.75 8.25 1.42 0.97 0.72 -0.72
130 123.29 6.71 1.55 0.83 2.33 1.09
130 125.35 4.65 1.64 0.63 2.19 1.24
130 127.83 2.17 0.00 0.39 1.71 1.71
130 130.08 -0.08 0.00 -0.01 1.71 1.71
130 131.01 -1.01 0.00 -0.10 1.71 1.71
130 129.74 0.26 0.00 0.03 1.71 1.71
130 127.70 2.30 0.00 0.23 1.71 1.71
130 126.48 3.52 0.00 0.36 1.71 1.71
130 126.45 3.55 0.00 0.36 1.71 1.71
130 127.55 2.45 0.00 0.25 1.71 1.71
130 129.17 0.83 0.00 0.08 1.71 1.71
130 130.05 -0.05 0.00 -0.01 1.71 1.71
130 130.37 -0.37 0.00 -0.04 1.71 1.71
130 129.95 0.05 0.00 0.00 1.71 1.71
130 129.20 0.80 0.00 0.08 1.71 1.71
130 128.60 1.40 0.00 0.14 1.71 1.71
130 128.06 1.94 0.00 0.20 1.71 1.71
130 127.79 2.21 0.00 0.23 1.71 1.71
130 127.98 2.02 0.00 0.21 1.71 1.71
130 128.88 1.12 0.00 0.11 1.71 1.71
130 129.63 0.37 0.00 0.04 1.71 1.71
130 130.39 -0.39 0.00 -0.04 1.71 1.71
130 130.68 -0.68 0.00 -0.07 1.71 1.71
130 130.76 -0.76 0.00 -0.08 1.71 1.71
130 130.20 -0.20 0.00 -0.02 1.71 1.71
130 129.32 0.68 0.00 0.07 1.71 1.71
130 128.77 1.23 0.00 0.13 1.71 1.71
130 128.47 1.53 0.00 0.16 1.71 1.71
130 128.73 1.27 0.00 0.13 1.71 1.71
130 129.27 0.73 0.00 0.07 1.71 1.71
130 129.81 0.19 0.00 0.02 1.71 1.71
130 130.19 -0.19 0.00 -0.02 1.71 1.71
130 130.14 -0.14 0.00 -0.01 1.71 1.71
130 129.70 0.30 0.00 0.03 1.71 1.71
130 129.04 0.96 0.00 0.10 1.71 1.71
130 128.40 1.60 0.00 0.16 1.71 1.71
130 128.37 1.63 0.00 0.17 1.71 1.71
130 128.08 1.92 0.00 0.20 1.71 1.71
130 127.98 2.02 0.00 0.21 1.71 1.71
130 128.38 1.62 0.00 0.16 1.71 1.71
130 128.98 1.02 0.00 0.10 1.71 1.71
130 129.47 0.53 0.00 0.05 1.71 1.71
130 129.45 0.55 0.00 0.06 1.71 1.71
130 128.75 1.25 0.00 0.13 1.71 1.71
130 127.77 2.23 0.00 0.23 1.71 1.71
130 126.91 3.09 0.00 0.32 1.71 1.71
130 126.73 3.27 0.00 0.33 1.71 1.71
130 127.12 2.88 0.00 0.29 1.71 1.71
130 127.84 2.16 0.00 0.22 1.71 1.71
130 128.33 1.67 0.00 0.17 1.71 1.71
130 129.17 0.83 0.00 0.09 1.71 1.71
130 129.56 0.44 0.00 0.04 1.71 1.71
130 129.09 0.91 0.00 0.09 1.71 1.71
130 127.85 2.15 0.00 0.22 1.71 1.71
130 126.58 3.42 0.00 0.35 1.71 1.71
130 126.01 3.99 0.00 0.41 1.71 1.71
130 126.14 3.86 0.00 0.39 1.71 1.71
130 126.83 3.17 0.00 0.32 1.71 1.71
130 127.42 2.58 0.00 0.26 1.71 1.71
130 127.83 2.17 0.00 0.22 1.71 1.71
130 128.17 1.83 0.00 0.19 1.71 1.71
130 128.36 1.64 0.00 0.17 1.71 1.71
130 128.68 1.32 0.00 0.13 1.71 1.71
130 128.69 1.31 0.00 0.13 1.71 1.71
130 128.14 1.86 0.00 0.19 1.71 1.71
130 127.46 2.54 0.00 0.26 1.71 1.71
130 127.03 2.97 0.00 0.30 1.71 1.71
130 127.35 2.65 0.00 0.27 1.71 1.71
130 128.30 1.70 0.00 0.17 1.71 1.71
130 129.79 0.21 0.00 0.02 1.71 1.71
130 130.47 -0.47 0.00 -0.05 1.71 1.71
130 130.49 -0.49 0.00 -0.05 1.71 1.71
130 130.23 -0.23 0.00 -0.02 1.71 1.71
130 130.09 -0.09 0.00 -0.01 1.71 1.71
130 129.71 0.29 0.00 0.03 1.71 1.71
130 129.26 0.74 0.00 0.08 1.71 1.71
130 128.77 1.23 0.00 0.13 1.71 1.71
130 128.96 1.04 0.00 0.11 1.71 1.71
130 129.77 0.23 0.00 0.02 1.71 1.71
130 130.73 -0.73 0.00 -0.07 1.71 1.71
130 131.50 -1.50 0.00 -0.15 1.71 1.71
130 131.96 -1.96 0.00 -0.20 1.71 1.71
130 132.15 -2.15 0.00 -0.22 1.71 1.71
130 132.15 -2.15 0.00 -0.22 1.71 1.71
130 132.24 -2.24 0.00 -0.23 1.71 1.71
130 131.71 -1.71 0.00 -0.17 1.71 1.71
130 131.29 -1.29 0.00 -0.13 1.71 1.71
130 131.25 -1.25 0.00 -0.13 1.71 1.71
130 131.87 -1.87 0.00 -0.19 1.71 1.71
130 133.07 -3.07 0.00 -0.31 1.71 1.71
130 134.03 -4.03 -0.08 -0.41 1.41 2.02
130 134.81 -4.81 -0.18 -0.50 1.34 2.09
130 134.34 -4.34 -0.26 -0.46 1.37 2.06
130 132.59 -2.59 0.00 -0.29 1.71 1.71
130 130.23 -0.23 0.00 -0.02 1.71 1.71
130 128.46 1.54 0.00 0.16 1.71 1.71
130 127.89 2.11 0.00 0.22 1.71 1.71
130 128.77 1.23 0.00 0.13 1.71 1.71
130 130.57 -0.57 0.00 -0.06 1.71 1.71
130 131.92 -1.92 0.00 -0.20 1.71 1.71
130 132.56 -2.56 0.00 -0.26 1.71 1.71
130 132.48 -2.48 0.00 -0.25 1.71 1.71
130 132.14 -2.14 0.00 -0.22 1.71 1.71
130 132.00 -2.00 0.00 -0.20 1.71 1.71
130 132.11 -2.11 0.00 -0.22 1.71 1.71
130 132.44 -2.44 0.00 -0.25 1.71 1.71
130 132.83 -2.83 0.00 -0.29 1.71 1.71
130 132.79 -2.79 0.00 -0.28 1.71 1.71
130 132.75 -2.75 0.00 -0.28 1.71 1.71
130 132.77 -2.77 0.00 -0.28 1.71 1.71
130 132.76 -2.76 0.00 -0.28 1.71 1.71
130 133.02 -3.02 0.00 -0.31 1.71 1.71
130 133.10 -3.10 0.00 -0.32 1.71 1.71
130 133.49 -3.49 0.00 -0.36 1.71 1.71
130 133.44 -3.44 0.00 -0.35 1.71 1.71
130 133.58 -3.58 0.00 -0.37 1.71 1.71
130 133.46 -3.46 0.00 -0.35 1.71 1.71
130 133.31 -3.31 0.00 -0.34 1.71 1.71
130 133.31 -3.31 0.00 -0.34 1.71 1.71
130 133.44 -3.44 0.00 -0.35 1.71 1.71
130 133.71 -3.71 0.00 -0.38 1.71 1.71
130 134.12 -4.12 -0.08 -0.42 1.40 2.03
130 134.39 -4.39 -0.17 -0.46 1.37 2.06
130 134.35 -4.35 -0.26 -0.46 1.37 2.06
130 133.39 -3.39 0.00 -0.37 1.71 1.71
130 131.64 -1.64 0.00 -0.17 1.71 1.71
130 130.59 -0.59 0.00 -0.06 1.71 1.71
130 130.04 -0.04 0.00 -0.00 1.71 1.71
130 130.52 -0.52 0.00 -0.05 1.71 1.71
130 131.73 -1.73 0.00 -0.18 1.71 1.71
130 132.64 -2.64 0.00 -0.27 1.71 1.71
130 133.32 -3.32 0.00 -0.34 1.71 1.71
130 133.47 -3.47 0.00 -0.35 1.71 1.71
130 133.35 -3.35 0.00 -0.34 1.71 1.71
130 132.86 -2.86 0.00 -0.29 1.71 1.71
130 132.38 -2.38 0.00 -0.24 1.71 1.71
130 132.17 -2.17 0.00 -0.22 1.71 1.71
130 132.01 -2.01 0.00 -0.21 1.71 1.71
130 131.88 -1.88 0.00 -0.19 1.71 1.71
130 132.05 -2.05 0.00 -0.21 1.71 1.71
130 132.73 -2.73 0.00 -0.28 1.71 1.71
130 133.36 -3.36 0.00 -0.34 1.71 1.71
130 133.72 -3.72 0.00 -0.38 1.71 1.71
q
s
q
