255 134.12 120.88 2.42 12.33 5.20 -5.20
255 134.64 120.36 4.82 12.52 5.20 -5.20
255 137.12 117.88 7.18 12.51 5.20 -5.20
255 144.41 110.59 9.39 12.00 5.20 -5.20
255 156.11 98.89 11.37 11.03 5.20 -5.20
255 168.58 86.42 13.10 9.95 5.20 -5.20
255 178.71 76.29 14.63 9.09 5.20 -5.20
320 187.01 132.99 17.29 15.03 5.20 -5.20
320 193.61 126.39 19.81 14.62 5.20 -5.20
320 199.22 120.78 22.23 14.30 5.20 -5.20
320 206.66 113.34 24.50 13.78 5.20 -5.20
320 215.50 104.50 26.59 13.11 5.20 -5.20
320 224.87 95.13 28.49 12.36 5.20 -5.20
320 234.64 85.36 30.20 11.56 5.20 -5.20
320 243.22 76.78 31.73 10.85 5.20 -5.20
320 251.76 68.24 33.10 10.13 5.20 -5.20
320 259.66 60.34 34.30 9.46 5.20 -5.20
320 267.82 52.18 35.35 8.75 5.20 -5.20
320 277.14 42.86 36.20 7.91 5.20 -5.20
320 286.30 33.70 36.88 7.06 5.20 -5.20
320 296.05 23.95 37.36 6.13 4.60 -4.60
320 305.28 14.72 37.65 5.24 3.93 -3.93
320 312.20 7.80 37.81 4.56 5.13 -1.71
320 317.70 2.30 0.00 4.02 1.71 1.71
320 324.00 -4.00 -0.08 -0.41 1.41 2.02
320 328.93 -8.93 -0.26 -0.92 -0.69 0.69
320 329.36 -9.36 -0.45 -0.98 -0.74 0.74
320 328.71 -8.71 -0.62 -0.93 -0.70 0.70
320 328.25 -8.25 -0.78 -0.90 -0.68 0.68
320 328.22 -8.22 -0.95 -0.92 -0.69 0.69
320 327.39 -7.39 -1.10 -0.85 1.08 2.35
320 326.42 -6.42 -1.23 -0.76 1.14 2.29
320 324.72 -4.72 -1.32 -0.60 1.26 2.17
320 321.91 -1.91 0.00 -0.33 1.71 1.71
320 319.04 0.96 0.00 0.10 1.71 1.71
320 317.55 2.45 0.00 0.25 1.71 1.71
320 318.09 1.91 0.00 0.19 1.71 1.71
320 320.09 -0.09 0.00 -0.01 1.71 1.71
320 322.36 -2.36 0.00 -0.24 1.71 1.71
320 323.28 -3.28 0.00 -0.33 1.71 1.71
320 323.23 -3.23 0.00 -0.33 1.71 1.71
320 322.45 -2.45 0.00 -0.25 1.71 1.71
320 321.61 -1.61 0.00 -0.16 1.71 1.71
320 321.01 -1.01 0.00 -0.10 1.71 1.71
320 320.51 -0.51 0.00 -0.05 1.71 1.71
320 321.08 -1.08 0.00 -0.11 1.71 1.71
320 322.16 -2.16 0.00 -0.22 1.71 1.71
320 323.22 -3.22 0.00 -0.33 1.71 1.71
320 323.99 -3.99 0.00 -0.41 1.71 1.71
320 324.43 -4.43 -0.09 -0.45 1.38 2.05
320 324.43 -4.43 -0.18 -0.46 1.37 2.06
320 323.75 -3.75 0.00 -0.40 1.71 1.71
320 322.45 -2.45 0.00 -0.25 1.71 1.71
320 321.27 -1.27 0.00 -0.13 1.71 1.71
320 320.58 -0.58 0.00 -0.06 1.71 1.71
320 320.51 -0.51 0.00 -0.05 1.71 1.71
320 320.90 -0.90 0.00 -0.09 1.71 1.71
320 321.57 -1.57 0.00 -0.16 1.71 1.71
320 322.50 -2.50 0.00 -0.26 1.71 1.71
320 322.94 -2.94 0.00 -0.30 1.71 1.71
320 323.42 -3.42 0.00 -0.35 1.71 1.71
320 323.64 -3.64 0.00 -0.37 1.71 1.71
320 323.40 -3.40 0.00 -0.35 1.71 1.71
320 322.77 -2.77 0.00 -0.28 1.71 1.71
320 322.14 -2.14 0.00 -0.22 1.71 1.71
320 321.80 -1.80 0.00 -0.18 1.71 1.71
320 321.66 -1.66 0.00 -0.17 1.71 1.71
320 322.02 -2.02 0.00 -0.21 1.71 1.71
320 322.79 -2.79 0.00 -0.28 1.71 1.71
320 323.70 -3.70 0.00 -0.38 1.71 1.71
320 324.39 -4.39 -0.09 -0.45 1.38 2.05
320 324.83 -4.83 -0.18 -0.50 1.34 2.09
320 324.60 -4.60 -0.28 -0.49 1.35 2.08
320 323.36 -3.36 0.00 -0.37 1.71 1.71
320 320.80 -0.80 0.00 -0.08 1.71 1.71
320 319.47 0.53 0.00 0.05 1.71 1.71
320 319.54 0.46 0.00 0.05 1.71 1.71
320 320.75 -0.75 0.00 -0.08 1.71 1.71
320 322.26 -2.26 0.00 -0.23 1.71 1.71
320 323.73 -3.73 0.00 -0.38 1.71 1.71
320 324.47 -4.47 -0.09 -0.46 1.37 2.06
320 324.55 -4.55 -0.18 -0.47 1.36 2.07
320 323.78 -3.78 0.00 -0.40 1.71 1.71
320 322.40 -2.40 0.00 -0.24 1.71 1.71
320 321.21 -1.21 0.00 -0.12 1.71 1.71
320 320.85 -0.85 0.00 -0.09 1.71 1.71
320 321.61 -1.61 0.00 -0.16 1.71 1.71
320 322.82 -2.82 0.00 -0.29 1.71 1.71
320 323.77 -3.77 0.00 -0.38 1.71 1.71
320 324.32 -4.32 -0.09 -0.44 1.38 2.04
320 324.29 -4.29 -0.17 -0.45 1.38 2.05
320 323.49 -3.49 0.00 -0.37 1.71 1.71
320 321.79 -1.79 0.00 -0.18 1.71 1.71
320 320.50 -0.50 0.00 -0.05 1.71 1.71
320 319.97 0.03 0.00 0.00 1.71 1.71
320 320.64 -0.64 0.00 -0.07 1.71 1.71
320 322.36 -2.36 0.00 -0.24 1.71 1.71
320 323.92 -3.92 0.00 -0.40 1.71 1.71
320 324.48 -4.48 -0.09 -0.46 1.37 2.06
320 324.11 -4.11 -0.17 -0.43 1.39 2.04
320 322.40 -2.40 0.00 -0.26 1.71 1.71
320 320.16 -0.16 0.00 -0.02 1.71 1.71
320 319.06 0.94 0.00 0.10 1.71 1.71
320 319.57 0.43 0.00 0.04 1.71 1.71
320 321.10 -1.10 0.00 -0.11 1.71 1.71
320 322.68 -2.68 0.00 -0.27 1.71 1.71
320 323.47 -3.47 0.00 -0.35 1.71 1.71
320 323.07 -3.07 0.00 -0.31 1.71 1.71
320 322.06 -2.06 0.00 -0.21 1.71 1.71
320 321.13 -1.13 0.00 -0.11 1.71 1.71
320 320.62 -0.62 0.00 -0.06 1.71 1.71
320 320.47 -0.47 0.00 -0.05 1.71 1.71
320 321.01 -1.01 0.00 -0.10 1.71 1.71
320 321.99 -1.99 0.00 -0.20 1.71 1.71
320 323.16 -3.16 0.00 -0.32 1.71 1.71
320 324.03 -4.03 -0.08 -0.41 1.41 2.02
320 324.59 -4.59 -0.17 -0.48 1.36 2.07
320 324.09 -4.09 -0.25 -0.43 1.39 2.04
320 322.15 -2.15 0.00 -0.24 1.71 1.71
320 320.17 -0.17 0.00 -0.02 1.71 1.71
320 319.01 0.99 0.00 0.10 1.71 1.71
320 319.16 0.84 0.00 0.09 1.71 1.71
320 320.43 -0.43 0.00 -0.04 1.71 1.71
320 321.92 -1.92 0.00 -0.20 1.71 1.71
320 323.10 -3.10 0.00 -0.32 1.71 1.71
320 323.53 -3.53 0.00 -0.36 1.71 1.71
320 323.21 -3.21 0.00 -0.33 1.71 1.71
320 322.94 -2.94 0.00 -0.30 1.71 1.71
320 322.80 -2.80 0.00 -0.29 1.71 1.71
320 322.54 -2.54 0.00 -0.26 1.71 1.71
320 322.22 -2.22 0.00 -0.23 1.71 1.71
320 322.01 -2.01 0.00 -0.20 1.71 1.71
320 322.28 -2.28 0.00 -0.23 1.71 1.71
320 322.87 -2.87 0.00 -0.29 1.71 1.71
320 323.59 -3.59 0.00 -0.37 1.71 1.71
320 324.19 -4.19 -0.08 -0.43 1.39 2.03
320 324.65 -4.65 -0.18 -0.48 1.35 2.08
320 324.14 -4.14 -0.26 -0.44 1.38 2.04
320 322.70 -2.70 0.00 -0.30 1.71 1.71
320 320.28 -0.28 0.00 -0.03 1.71 1.71
320 318.62 1.38 0.00 0.14 1.71 1.71
320 318.24 1.76 0.00 0.18 1.71 1.71
320 319.20 0.80 0.00 0.08 1.71 1.71
320 320.92 -0.92 0.00 -0.09 1.71 1.71
320 322.26 -2.26 0.00 -0.23 1.71 1.71
320 322.65 -2.65 0.00 -0.27 1.71 1.71
320 322.30 -2.30 0.00 -0.23 1.71 1.71
320 321.31 -1.31 0.00 -0.13 1.71 1.71
320 320.47 -0.47 0.00 -0.05 1.71 1.71
320 319.76 0.24 0.00 0.02 1.71 1.71
320 319.21 0.79 0.00 0.08 1.71 1.71
320 318.93 1.07 0.00 0.11 1.71 1.71
q
